8 Jiangsu Zhejiang Shanghai Beijing Anhui Jiangxi Henan Hebei 71
20200123 1 5 6 10 0 2 1 1
20200124 1 1 16 1 0 1 1 1
20200125 9 2 20 1 1 1 5 2
20200126 3 1 33 1 1 3 2 1
20200127 1 1 40 2 0 1 1 1
20200128 2 10 53 1 15 1 1 8
20200129 1 1 1 2 6 1 1 4
20200130 1 3 3 2 1 7 9 1
20200131 1 4 5 14 1 2 3 1
20200201 18 1 5 2 1 1 2 2
20200202 4 1 2 2 2 1 1 13
20200203 1 43 2 1 2 1 1 5
20200204 5 6 1 1 1 1 1 2
20200205 3 5 1 1 1 1 1 3
20200206 1 1 7 2 39 18 32 1
20200207 1 1 1 1 10 3 6 2
20200208 1 1 1 2 1 1 2 18
20200209 1 1 66 2 1 1 1 7
20200210 1 2 33 22 4 2 1 2
20200211 31 1 2 6 3 1 1 1
20200212 7 4 3 3 4 2 1 3
20200213 2 62 5 2 2 1 8 1
20200214 5 12 5 1 7 1 5 2
20200215 7 6 2 1 2 4 1 2
20200216 2 10 2 3 4 2 4 0
20200217 3 4 1 2 1 36 2 33
20200218 1 4 1 2 60 4 83 9
20200219 1 2 9 2 13 1 20 1
20200220 1 2 2 36 3 2 1 4
20200221 1 2 1 10 1 2 2 2
20200222 1 20 80 4 1 1 3 3
20200223 47 104 40 5 7 7 3 0
20200224 7 27 3 2 1 2 3 1
20200225 4 13 3 1 3 5 2 5
20200226 3 18 5 6 5 6 15 6
20200227 6 8 7 2 1 6 22 2
20200228 8 1 2 1 2 48 5 48
20200229 4 5 2 3 10 8 7 10
20200301 3 3 2 2 2 2 128 3
20200302 2 3 1 41 3 2 29 0
20200303 1 2 12 11 6 4 1 4
20200304 4 21 2 4 1 3 2 3
20200305 2 3 1 6 1 7 5 6
20200306 2 128 101 2 70 3 7 1
20200307 1 27 48 1 13 6 2 1
20200308 70 13 4 8 6 7 4 8
20200309 10 32 5 3 3 6 1 9
20200310 6 8 5 1 2 72 6 3
20200311 8 3 8 3 7 17 3 65
20200312 8 6 2 2 1 2 19 11
20200313 12 5 3 68 3 2 6 0
20200314 6 5 2 12 8 9 23 3
20200315 3 4 2 1 1 3 11 0
20200316 2 22 13 5 2 1 9 6
20200317 1 3 1 11 10 10 168 5
20200318 5 173 1 4 3 3 37 7
20200319 2 32 2 2 3 10 2 0
20200320 4 17 5 16 6 8 2 6
20200321 3 60 128 6 1 7 5 2
20200322 99 11 58 1 1 109 11 12
20200323 14 3 4 7 106 25 2 9
20200324 9 7 5 3 16 2 6 4
20200325 8 7 6 80 9 2 2 82
20200326 8 5 8 11 3 16 2 11
20200327 20 4 4 2 2 11 9 7
20200328 6 22 1 7 10 1 3 0
20200329 3 5 5 17 2 16 26 7
20200330 3 296 2 4 9 4 7 7
20200331 6 51 2 2 8 14 29 11